134.095564428521
238.881172399049
106.548877890218
195.554798828341
111.939182500912
23.9421663020594
105.779781324906
94.4979266718169
163.299327156772
64.1201566818597
93.1104158325902
146.474809286141
114.669427885154
215.559545779963
220.166409505096
269.028555906793
175.589147654244
58.4570458482241
10.9791403583179
142.570258675493
111.222374282846
162.666105549781
78.0728363268369
30.1537349895610
123.943695928453
159.784572834630
75.1923567932438
146.396569268733
145.895412240790
157.418217638603
0.596238171568429
132.204124195514
240.847459687703
267.488095248123
294.975586641795
280.998622623618
261.178759674670
195.949895906998
186.337503082059
97.3627953628932
100.807833449350
221.422922142105
161.902831249977
82.1919353778400
122.142688772153
108.364431155353
33.2243087873243
142.440291260017
95.6528813100105
25.6213711595518
159.053053932565
137.255212824150
17.5390982004986
89.2489120274421
20.0427639413467
188.978230249612
127.477768049152
14.5373383935269
11.3276307854677
3.86943443422454
157.114638444752
167.959306436543
155.943585841432
113.121741341517
207.239881464704
262.347746259753
196.857859812171
28.5679133362138
130.370380860256
115.480156907198
0.0201214074746916
179.983916159969
147.654485453320
61.8066234557196
159.638373877957
174.590447229329
99.4890241534991
16.5085984395563
47.4759071660925
51.1677723915540
204.556645978181
199.214046889722
114.381421502196
60.0561373607351
11.1991537179565
10.9703627285740
91.3742786542187
18.5021054318392
17.8876162947912
142.623681922925
110.919128199933
130.734071191591
137.741077965470
162.357009507775
106.247428646433
63.2936243532155
103.023488414218
53.8779058562614
2.39945494551977
186.502770666068
187.018693886708
170.423556367294
114.084239164298
116.884254146269
7.65946174963991
52.1627245286356
64.8659305325221
32.4691214236104
9.55060808646711
66.0420403253246
106.853426783720
65.2726840047112
36.2730277469341
36.8041093171797
76.6304854538922
115.921206297219
72.7975087387017
141.146954582668
96.4575461039965
119.381863233947
20.2300511396176
71.3958006805853
116.323591635445
49.3710233671620
126.449154781134
15.1681556714048
28.6619014555284
41.6216397517801
6.33920882319419
155.415546438722
77.0751937216611
111.587596041168
116.902818139530
159.864665065303
127.201974632814
239.061021060179
196.880912537537
101.892259554909
68.6541539038827
43.6942960035910
151.956809242005
239.201848792714
224.948139588889
151.402133153540
25.4460216251081
46.2924917812102
63.5073584734991
5.61945457870192
195.330162826345
347.898393702580
613.360297010914
803.399591985436
568.512954666761
73.1304931280368
395.568711946623
569.625252077483
416.593107231217
99.2686042321145
370.273453745242
184.778361493672
98.5548125356178
206.834961905293
758.952282614231
801.696669448616
390.957766629824
186.581518532591
269.469073506805
151.275269499310
395.539928781394
725.445706177127
376.219822087264
55.3499316717112
54.5986667460227
75.3197005667569
563.584698699510
949.485601925437
882.301705748268
566.630842533596
255.846092433141
172.249017058657
151.879192575112
133.140564714005
304.397620885691
417.923768300835
275.732703985177
126.107394467328
296.672607591091
224.092381139815
96.7348009401623
281.881956949614
87.5662188820433
202.486925663352
318.044942213267
122.927676560697
347.837201548369
500.854463052294
542.343606563579
196.643223497362
252.441718916067
497.363403909921
447.408341209926
167.797385289947
225.804991706922
270.032378886393
295.269956279711
460.327725275037
322.589287274129
10.2710012444884
12.7522909091918
75.6441191555117
53.6158023414232
126.946941795957
198.433966622867
145.599288846924
97.3046393471395
370.250266906249
371.977388248376
111.126464733644
384.244532370216
153.794528989777
122.447835151919
55.0098584199051
18.4340082332790
388.401467798034
828.051108001536
1132.04481143489
891.506296016373
764.336642525382
432.967799221219
100.797155242127
61.6405744625833
282.749848090236
330.372155656840
44.4375495204195
252.527941187736
519.931977324455
181.538324602452
443.774247627404
328.622730615034
237.684740660151
365.206076124146
32.5378777134518
234.265780151613
288.991877071091
909.766143850947
1127.23296258050
874.699863239224
80.9096926745123
571.541535697740
711.969820659233
697.749953658957
470.876359706186
269.305893203870
450.873595943064
357.978521592622
194.205542709491
452.927701887611
517.767626793705
675.976187969517
343.717922871598
250.332344890514
314.861541503923
65.9973802454111
463.141691989353
788.597763571669
976.261732118394
827.842932719901
250.497139772677
152.367054513144
91.4754619874454
39.1163101520151
87.2850257524878
46.3131212968882
188.845447269561
713.906757008267
1185.91186515464
1429.41321804970
1149.46620094703
553.366750630227
201.671851813082
334.589135169909
662.864867071587
513.609798720956
271.782488743577
647.580729340736
590.934042131039
773.605086959345
777.436721932027
199.093142625568
473.659911656449
539.220707785657
176.020510834058
304.819431296453
529.513352586641
334.163176349412
184.700216444101
158.981354578293
15.1907055393525
58.1411548805515
54.8703038534067
74.7635296314198
7.01693698942427
149.683262181436
108.162418914804
240.244161071000
114.052388408075
114.002868545886
93.7496305361777
419.272586065614
428.074404000522
77.9823618412228
260.466884524738
301.341144292415
9.19618894917601
7.11711271595551
145.998567334780
300.823630158382
337.724966665293
24.9243585102555
111.106509039824
485.293347960627
269.653592824815
100.042783208798
275.088488578954
677.220911005302
582.022533734282
489.977764709265
401.128976979409
644.317677692212
775.275775317017
404.817530237376
348.473611940694
705.763337819143
208.426870222871
142.045113439841
213.220214322570
347.244117702241
482.652285658855
364.248986546647
114.709090124982
112.923041250828
29.5396183425384
64.8402814278277
310.965225305340
780.217230670671
940.457319114754
820.568437731398
412.087547882136
6.57318771215735
222.379219351283
375.911661047802
462.633050211372
321.117672189982
40.1261540647465
20.2161872341874
200.004174962089
293.724294560157
530.580360723634
790.538572243518
734.671151777559
860.119495971743
706.216838118899
199.804530750342
359.011446919963
305.657619409640
389.465561238862
525.316586747552
90.6940863439206
244.654682289984
254.236478266328
83.7330511622143
123.118079578473
155.728455704894
451.168745388289
410.783953251409
319.275426100068
117.041579972822
206.837832180918
305.827823454915
432.615315386848
290.811318003516
138.969812258949
385.947176373583
160.551653609887
374.953468717268
716.199641158096
365.783708766585
393.150171079804
802.847437887884
760.354669409523
731.553773836412
811.646453691578
691.451106835996
352.011416843299
252.142198846222
48.0368179503704
601.173524531097
705.524392113933
259.275841787960
422.786839082354
611.349277661580
422.805819778807
307.871656907453
397.880711404745
525.290764441355
115.185078843129
342.711579640161
453.073526651086
550.835697300420
766.199703213766
1196.57412816208
1452.38759242627
1239.21743825091
588.023027921761
54.4230607970677
364.211698335232
452.677501117051
223.959170041350
132.414352954566
444.061834421720
308.513106874267
273.750057462449
392.767058684677
524.555208775641
585.796137209553
73.2817878862770
553.840339249813
493.691131684877
236.528892207649
60.6390257676078
31.4259817195774
54.6173773145492
36.0045009514170
146.573286738579
602.331215832749
1034.10499997135
970.211337719467
508.750806956590
295.837411710984
852.668488512928
981.560320842299
685.816727016744
94.0116538820996
687.064807830781
661.912345341536
458.383251718620
262.802231568178
302.243642759039
337.247672945220
483.489966528943
866.481964385170
1152.25242488030
1269.59109213434
811.895750839775
43.0051957677906
410.109108342343
371.302849278150
59.6006518045141
368.161835509137
92.4733369147532
273.539653298501
655.075418150131
660.940363510399
422.373283447766
192.323414665176
98.5989060906701
233.535671358811
788.628503755660
643.468411574196
231.622225526901
405.461085740289
960.314802448858
1085.82034188317
890.812017542779
491.785474074601
538.464679719389
948.127965527207
984.634732569700
830.690327231610
907.419915987051
835.185261900144
324.476178471850
255.026599970910
829.832846511122
1100.97598482114
993.478229404518
586.199421134843
341.127511598919
555.410941895576
749.042899907080
790.889865225139
708.785951353831
454.940782676827
124.068354392343
256.219603563933
242.300910895384
262.900846995775
743.202199088113
745.125769643825
6.00921910895856
627.560270096611
847.924395679468
1069.13826349881
1027.18459630418
835.498373958405
634.106724317717
227.544185789943
117.377017726505
2.58723741368368
188.990197014869
445.091346192359
499.523132824803
110.383508362025
61.3786061212538
119.578411984027
44.1080525763468
530.006333359484
844.645643871085
674.844812108573
257.447967404236
175.097525672088
12.0952709222744
450.466656933879
464.899067689467
400.019540921383
495.599672400878
125.492023789547
328.821407443871
408.118729177569
339.881424042463
29.9252208574623
97.3727205754971
336.737254603232
70.6746213817741
467.456145400837
940.071823196212
1193.17878013955
1230.17486517144
842.541098325105
359.880149587732
348.966970497697
621.450967141944
644.570476683358
493.963659331328
422.202489140576
254.768937555608
67.6595059245595
219.375825362729
209.934295086520
130.232201199790
31.7113436832667
43.2845077798037
156.436050850823
283.944632164852
432.838629266601
77.9319866140584
52.2163972747833
350.155040703438
673.019829966188
722.597030856197
618.253662772053
199.131672122458
29.1689787900704
480.369469042680
504.553723997330
33.1988751111336
347.447156812448
232.376800987657
87.7468659961711
406.653257691325
776.153481368357
790.746549763115
878.334578541719
827.647303108850
68.0940034368845
339.953964781908
407.285565358910
375.904715487903
145.662014501641
251.130520986799
598.349987694529
785.553501579514
470.372665189082
447.526725761467
332.320365403837
130.422436659191
14.5867389044742
265.029621160284
44.8386911647920
299.309915391508
728.125982590478
1188.46282889690
1321.35598313447
1389.59572598085
1129.73505430332
424.169859360489
178.907732671131
284.384574780576
115.089753653852
209.492259238273
442.791498024338
327.762276807000
220.058513048361
495.836560614479
167.225453407096
146.190315586897
222.677788842155
161.809264205772
105.625050002540
514.443827641170
627.548903015970
171.846782136147
138.048070402277
506.029848779371
591.349677787574
188.612284907530
40.8401078705034
270.617520858394
377.105362551239
336.885666920662
66.4739930923383
205.922083464988
219.274467647437
259.984274751564
259.832421802202
261.791710210192
189.687302952355
306.971797046607
49.0279221908995
229.180256142588
104.383844653221
240.990142745353
5.94245197351365
644.282931161891
950.240135395980
514.387984261988
2.95750115181734
17.3272954576389
127.650563505776
20.7851194058050
136.554907787334
508.536749286953
522.016553630930
176.617795427106
606.307326065968
148.285875425333
423.879891083730
307.179148306100
350.034046917710
882.310671953330
890.007331769302
510.805220006107
356.171389775620
544.693150754297
652.556833652926
625.861699146576
463.380159259006
367.542415449161
361.996191349249
122.357170081311
359.158111091889
63.3680569659225
273.428996436304
276.541688374395
4.58973503253993
279.183060459707
352.874551120920
0.413236981960053
496.376476734093
668.258558169952
640.770088421331
333.577901703372
12.7054561845007
219.070455715110
183.439259335882
288.753379522944
677.898327463941
800.475369947064
485.416251791874
171.191614416550
252.010599401791
434.371793797793
675.378424393870
484.051503038866
3.68445810115814
369.792618696285
604.555973994092
867.351736371871
625.818288022028
151.611766197715
131.139789170314
299.227791556119
78.8189652926462
202.334579950548
161.862197980215
193.906610929953
526.909265458120
163.559061108371
295.304921456527
118.210443325727
230.150455261945
532.401297642761
771.329806770324
891.820760024128
1070.29716899657
782.543907143572
290.771410881831
99.2901101834405
307.071375506962
632.817622029873
492.794761617732
26.5614271915930
18.1216729148403
28.1212122492589
228.267096080571
333.248271544205
153.046973571618
309.096197449310
921.097635139214
1202.49693200557
1110.39358307012
715.218739971204
79.9527022563818
413.078466735143
638.538153342193
674.086494790940
453.290755504026
453.123958174044
550.077843417897
302.544374262278
204.423893922248
291.670011023571
429.393298345323
494.301189838243
248.796419803504
207.647166859171
790.417618122821
1008.20526338305
852.929661832311
820.897076123609
693.149861089630
526.772710513403
618.077016018268
884.237401108467
742.183378761803
28.0038125541545
273.721884399033
163.450811824827
449.388603146001
292.761695484471
8.25985565484113
323.939462830962
210.069758489967
151.871334009750
124.684068102581
3.42832536946541
389.619782915711
763.009793979886
978.874361554123
1177.68969188146
1048.82514124544
599.393241745947
446.384890013051
569.553634195388
769.124815256202
821.143115060708
326.249296777270
327.815231628137
427.387910747904
210.338939994009
73.9856707220037
336.214436309699
347.037123396481
76.1311408370275
403.724334628384
182.278725069338
304.171017166991
504.884300375703
227.108465465346
54.3235714944785
213.856794016628
456.169361895496
378.794989861371
119.921353203802
105.490084845345
248.096734914015
51.7620677210261
342.534782782883
810.298062861839
1052.57083322190
1027.95000418810
696.148220250037
154.637362693456
251.988316254688
835.091325183299
893.167351796829
370.490823794273
345.783042409911
504.431403620984
214.773248584698
10.4602857663488
42.5185025851015
209.634090996216
176.301577664100
111.753848711011
47.0122937095345
47.5513610042098
171.166481645120
188.783746813259
204.046205957686
171.165254929183
210.217762785058
111.224485523623
65.7721337704813
22.8669051107660
34.5454355497233
104.206570829208
43.2467803012250
167.425981595178
95.3043009180419
120.800415892107
17.3215074715040
42.8472842752661
135.235573682921
145.675091834413
218.970244606650
278.067558353070
233.765967270433
166.719185187008
80.3738236223666
133.357006477138
11.0813175101280
126.397652282552
9.13019023680206
85.1492902908704
43.8555833487005
93.5585115640360
48.3576825560104
87.4780568327220
30.3565868474954
99.7569489538768
86.2936926657234
237.185939859358
215.702718232462
167.235152310058
31.5502180526415
65.4591630523055
161.191899811186
110.157884698916
41.7823970548298
21.9368504665017
138.063027274142
70.0304510138176
23.2662418551373
16.3488434485881
35.3936694887873
128.520830010970
194.088260468170
232.027719728192
219.960350317289
275.314860901601
295.362129432254
241.597838220603
152.103557887826
9.21958047557958
84.2183380845523
113.743997092416
117.600354983244
149.770353676012
174.494409239619
59.5358440035216
132.207519282290
225.934514910553
206.123263246598
69.6906235598308
78.8803680752754
161.218826295246
94.8751494206592
50.5536370576967
77.3595613601116
122.881052040612
232.500279778343
186.360053711946
89.1418308967047
71.7107124860447
122.837998975372
151.076816810500
169.333563415403
45.9169907458650
7.50913620955249
76.4672377269221
100.701173874146
140.130664996553
41.0539243197133
201.740190872643
267.757128389946
248.822337198243
120.807404163427
99.6664626210197
273.026623630121
335.138080023141